Ranking,Average Tyre,Num Pit
1,3.827586207,2
2,3.810344828,2
3,3.827586207,2
4,3.672413793,2
6,3.896551724,2
10,3.913793103,2
1,3.75862069,2
2,3.724137931,2
3,3.362068966,2
4,3.637931034,1
5,3.844827586,2
6,3.75862069,2
1,2.637931034,1
2,2.586206897,1
3,2.655172414,1
4,2.74137931,1
5,2.75862069,1
20,2.672413793,1
1,2.879310345,1
2,2.74137931,1
3,2.413793103,1
4,2.431034483,1
5,2.413793103,2
20,2,0
1,5.551724138,1
2,5.775862069,1
3,5.103448276,2
4,5.5,1
5,5.24137931,2
6,5.568965517,1
1,5.827586207,1
2,5.827586207,1
3,5.827586207,1
4,5.655172414,1
13,5.620689655,1
14,5.603448276,1
1,5.379310345,3
2,5.75862069,1
3,5.344827586,1
6,5.482758621,1
10,5.086206897,2
15,5.103448276,3
1,5.655172414,1
2,5.637931034,1
3,5.74137931,2
4,5.706896552,2
5,5.413793103,2
18,5.689655172,1
